PDE 1994  6  9  0 33 16.40 -13.8300  -67.5600 637.0 6.9 6.8 NORTHERNBOLIVIA
event name:     060994A
time shift:      0.0000
half duration:  10.0000
latitude:        0.0000
longitude:       0.0000
depth:           0.0000
Mrr:       1.000000e+25
Mtt:       1.000000e+25
Mpp:       1.000000e+25
Mrt:       0.000000e+25
Mrp:       0.000000e+25
Mtp:       0.000000e+25
